bound,stop_up,stop_down,predictions_1, predictions_-1, count
-3.0,0.5,1.0,0.65, 0.35, 18922
-3.0,0.5,0.5,0.513, 0.487, 31375
-3.0,0.5,0.25,0.392, 0.608, 47308
-3.0,0.7,1.4,0.658, 0.342, 11172
-3.0,0.7,0.7,0.512, 0.488, 19379
-3.0,0.7,0.35,0.384, 0.616, 31012
-3.0,0.9,1.8,0.666, 0.334, 7343
-3.0,0.9,0.9,0.516, 0.484, 13109
-3.0,0.9,0.45,0.38, 0.62, 21747
-3.0,1.1,2.2,0.671, 0.329, 5278
-3.0,1.1,1.1,0.518, 0.482, 9395
-3.0,1.1,0.55,0.376, 0.624, 15973
-3.0,1.3,2.6,0.675, 0.325, 3908
-3.0,1.3,1.3,0.52, 0.48, 7031
-3.0,1.3,0.65,0.375, 0.625, 12407
-3.0,1.5,3.0,0.676, 0.324, 2971
-3.0,1.5,1.5,0.524, 0.476, 5509
-3.0,1.5,0.75,0.377, 0.623, 9785
-3.0,1.7,3.4,0.684, 0.316, 2416
-3.0,1.7,1.7,0.525, 0.475, 4465
-3.0,1.7,0.85,0.375, 0.625, 7992
-3.0,1.9,3.8,0.687, 0.313, 1956
-3.0,1.9,1.9,0.524, 0.476, 3686
-3.0,1.9,0.95,0.375, 0.625, 6577
-3.0,2.1,4.2,0.692, 0.308, 1602
-3.0,2.1,2.1,0.533, 0.467, 3024
-3.0,2.1,1.05,0.375, 0.625, 5525
-3.0,2.3,4.6,0.692, 0.308, 1399
-3.0,2.3,2.3,0.534, 0.466, 2585
-3.0,2.3,1.15,0.376, 0.624, 4714
-3.0,2.5,5.0,0.699, 0.301, 1204
-3.0,2.5,2.5,0.534, 0.466, 2259
-3.0,2.5,1.25,0.377, 0.623, 4034
-3.0,2.7,5.4,0.696, 0.304, 1082
-3.0,2.7,2.7,0.535, 0.465, 1985
-3.0,2.7,1.35,0.378, 0.622, 3542
-3.0,2.9,5.8,0.702, 0.298, 908
-3.0,2.9,2.9,0.539, 0.461, 1730
-3.0,2.9,1.45,0.379, 0.621, 3105
-3.0,3.1,6.2,0.705, 0.295, 804
-3.0,3.1,3.1,0.539, 0.461, 1480
-3.0,3.1,1.55,0.377, 0.623, 2766
-3.0,3.3,6.6,0.703, 0.297, 717
-3.0,3.3,3.3,0.542, 0.458, 1344
-3.0,3.3,1.65,0.377, 0.623, 2475
-3.0,3.5,7.0,0.706, 0.294, 623
-3.0,3.5,3.5,0.543, 0.457, 1212
-3.0,3.5,1.75,0.377, 0.623, 2303
-3.0,3.7,7.4,0.707, 0.293, 576
-3.0,3.7,3.7,0.545, 0.455, 1097
-3.0,3.7,1.85,0.38, 0.62, 2062
-3.0,3.9,7.8,0.71, 0.29, 531
-3.0,3.9,3.9,0.543, 0.457, 1005
-3.0,3.9,1.95,0.383, 0.617, 1869
-3.0,4.1,8.2,0.715, 0.285, 463
-3.0,4.1,4.1,0.548, 0.452, 903
-3.0,4.1,2.05,0.382, 0.618, 1644
-3.0,4.3,8.6,0.72, 0.28, 422
-3.0,4.3,4.3,0.548, 0.452, 828
-3.0,4.3,2.15,0.384, 0.616, 1528
-3.0,4.5,9.0,0.722, 0.278, 389
-3.0,4.5,4.5,0.553, 0.447, 776
-3.0,4.5,2.25,0.384, 0.616, 1428
-3.0,4.7,9.4,0.724, 0.276, 373
-3.0,4.7,4.7,0.556, 0.444, 676
-3.0,4.7,2.35,0.387, 0.613, 1293
-3.0,4.9,9.8,0.725, 0.275, 342
-3.0,4.9,4.9,0.554, 0.446, 673
-3.0,4.9,2.45,0.384, 0.616, 1209
-2.5,0.5,1.0,0.65, 0.35, 18922
-2.5,0.5,0.5,0.513, 0.487, 31375
-2.5,0.5,0.25,0.392, 0.608, 47308
-2.5,0.7,1.4,0.658, 0.342, 11172
-2.5,0.7,0.7,0.512, 0.488, 19379
-2.5,0.7,0.35,0.384, 0.616, 31012
-2.5,0.9,1.8,0.666, 0.334, 7343
-2.5,0.9,0.9,0.516, 0.484, 13109
-2.5,0.9,0.45,0.38, 0.62, 21747
-2.5,1.1,2.2,0.671, 0.329, 5278
-2.5,1.1,1.1,0.518, 0.482, 9395
-2.5,1.1,0.55,0.376, 0.624, 15973
-2.5,1.3,2.6,0.675, 0.325, 3908
-2.5,1.3,1.3,0.52, 0.48, 7031
-2.5,1.3,0.65,0.375, 0.625, 12407
-2.5,1.5,3.0,0.676, 0.324, 2971
-2.5,1.5,1.5,0.524, 0.476, 5509
-2.5,1.5,0.75,0.377, 0.623, 9785
-2.5,1.7,3.4,0.684, 0.316, 2416
-2.5,1.7,1.7,0.525, 0.475, 4465
-2.5,1.7,0.85,0.375, 0.625, 7992
-2.5,1.9,3.8,0.687, 0.313, 1956
-2.5,1.9,1.9,0.524, 0.476, 3686
-2.5,1.9,0.95,0.375, 0.625, 6577
-2.5,2.1,4.2,0.692, 0.308, 1602
-2.5,2.1,2.1,0.533, 0.467, 3024
-2.5,2.1,1.05,0.375, 0.625, 5525
-2.5,2.3,4.6,0.692, 0.308, 1399
-2.5,2.3,2.3,0.534, 0.466, 2585
-2.5,2.3,1.15,0.376, 0.624, 4714
-2.5,2.5,5.0,0.699, 0.301, 1204
-2.5,2.5,2.5,0.534, 0.466, 2259
-2.5,2.5,1.25,0.377, 0.623, 4034
-2.5,2.7,5.4,0.696, 0.304, 1082
-2.5,2.7,2.7,0.535, 0.465, 1985
-2.5,2.7,1.35,0.378, 0.622, 3542
-2.5,2.9,5.8,0.702, 0.298, 908
-2.5,2.9,2.9,0.539, 0.461, 1730
-2.5,2.9,1.45,0.379, 0.621, 3105
-2.5,3.1,6.2,0.705, 0.295, 804
-2.5,3.1,3.1,0.539, 0.461, 1480
-2.5,3.1,1.55,0.377, 0.623, 2766
-2.5,3.3,6.6,0.703, 0.297, 717
-2.5,3.3,3.3,0.542, 0.458, 1344
-2.5,3.3,1.65,0.377, 0.623, 2475
-2.5,3.5,7.0,0.706, 0.294, 623
-2.5,3.5,3.5,0.543, 0.457, 1212
-2.5,3.5,1.75,0.377, 0.623, 2303
-2.5,3.7,7.4,0.707, 0.293, 576
-2.5,3.7,3.7,0.545, 0.455, 1097
-2.5,3.7,1.85,0.38, 0.62, 2062
-2.5,3.9,7.8,0.71, 0.29, 531
-2.5,3.9,3.9,0.543, 0.457, 1005
-2.5,3.9,1.95,0.383, 0.617, 1869
-2.5,4.1,8.2,0.715, 0.285, 463
-2.5,4.1,4.1,0.548, 0.452, 903
-2.5,4.1,2.05,0.382, 0.618, 1644
-2.5,4.3,8.6,0.72, 0.28, 422
-2.5,4.3,4.3,0.548, 0.452, 828
-2.5,4.3,2.15,0.384, 0.616, 1528
-2.5,4.5,9.0,0.722, 0.278, 389
-2.5,4.5,4.5,0.553, 0.447, 776
-2.5,4.5,2.25,0.384, 0.616, 1428
-2.5,4.7,9.4,0.724, 0.276, 373
-2.5,4.7,4.7,0.556, 0.444, 676
-2.5,4.7,2.35,0.387, 0.613, 1293
-2.5,4.9,9.8,0.725, 0.275, 342
-2.5,4.9,4.9,0.554, 0.446, 673
-2.5,4.9,2.45,0.384, 0.616, 1209
-2.0,0.5,1.0,0.65, 0.35, 18922
-2.0,0.5,0.5,0.513, 0.487, 31375
-2.0,0.5,0.25,0.392, 0.608, 47308
-2.0,0.7,1.4,0.658, 0.342, 11172
-2.0,0.7,0.7,0.512, 0.488, 19379
-2.0,0.7,0.35,0.384, 0.616, 31012
-2.0,0.9,1.8,0.666, 0.334, 7343
-2.0,0.9,0.9,0.516, 0.484, 13109
-2.0,0.9,0.45,0.38, 0.62, 21747
-2.0,1.1,2.2,0.671, 0.329, 5278
-2.0,1.1,1.1,0.518, 0.482, 9395
-2.0,1.1,0.55,0.376, 0.624, 15973
-2.0,1.3,2.6,0.675, 0.325, 3908
-2.0,1.3,1.3,0.52, 0.48, 7031
-2.0,1.3,0.65,0.375, 0.625, 12407
-2.0,1.5,3.0,0.676, 0.324, 2971
-2.0,1.5,1.5,0.524, 0.476, 5509
-2.0,1.5,0.75,0.377, 0.623, 9785
-2.0,1.7,3.4,0.684, 0.316, 2416
-2.0,1.7,1.7,0.525, 0.475, 4465
-2.0,1.7,0.85,0.375, 0.625, 7992
-2.0,1.9,3.8,0.687, 0.313, 1956
-2.0,1.9,1.9,0.524, 0.476, 3686
-2.0,1.9,0.95,0.375, 0.625, 6577
-2.0,2.1,4.2,0.692, 0.308, 1602
-2.0,2.1,2.1,0.533, 0.467, 3024
-2.0,2.1,1.05,0.375, 0.625, 5525
-2.0,2.3,4.6,0.692, 0.308, 1399
-2.0,2.3,2.3,0.534, 0.466, 2585
-2.0,2.3,1.15,0.376, 0.624, 4714
-2.0,2.5,5.0,0.699, 0.301, 1204
-2.0,2.5,2.5,0.534, 0.466, 2259
-2.0,2.5,1.25,0.377, 0.623, 4034
-2.0,2.7,5.4,0.696, 0.304, 1082
-2.0,2.7,2.7,0.535, 0.465, 1985
-2.0,2.7,1.35,0.378, 0.622, 3542
-2.0,2.9,5.8,0.702, 0.298, 908
-2.0,2.9,2.9,0.539, 0.461, 1730
-2.0,2.9,1.45,0.379, 0.621, 3105
-2.0,3.1,6.2,0.705, 0.295, 804
-2.0,3.1,3.1,0.539, 0.461, 1480
-2.0,3.1,1.55,0.377, 0.623, 2766
-2.0,3.3,6.6,0.703, 0.297, 717
-2.0,3.3,3.3,0.542, 0.458, 1344
-2.0,3.3,1.65,0.377, 0.623, 2475
-2.0,3.5,7.0,0.706, 0.294, 623
-2.0,3.5,3.5,0.543, 0.457, 1212
-2.0,3.5,1.75,0.377, 0.623, 2303
-2.0,3.7,7.4,0.707, 0.293, 576
-2.0,3.7,3.7,0.545, 0.455, 1097
-2.0,3.7,1.85,0.38, 0.62, 2062
-2.0,3.9,7.8,0.71, 0.29, 531
-2.0,3.9,3.9,0.543, 0.457, 1005
-2.0,3.9,1.95,0.383, 0.617, 1869
-2.0,4.1,8.2,0.715, 0.285, 463
-2.0,4.1,4.1,0.548, 0.452, 903
-2.0,4.1,2.05,0.382, 0.618, 1644
-2.0,4.3,8.6,0.72, 0.28, 422
-2.0,4.3,4.3,0.548, 0.452, 828
-2.0,4.3,2.15,0.384, 0.616, 1528
-2.0,4.5,9.0,0.722, 0.278, 389
-2.0,4.5,4.5,0.553, 0.447, 776
-2.0,4.5,2.25,0.384, 0.616, 1428
-2.0,4.7,9.4,0.724, 0.276, 373
-2.0,4.7,4.7,0.556, 0.444, 676
-2.0,4.7,2.35,0.387, 0.613, 1293
-2.0,4.9,9.8,0.725, 0.275, 342
-2.0,4.9,4.9,0.554, 0.446, 673
-2.0,4.9,2.45,0.384, 0.616, 1209
-1.5,0.5,1.0,0.65, 0.35, 18922
-1.5,0.5,0.5,0.513, 0.487, 31375
-1.5,0.5,0.25,0.392, 0.608, 47308
-1.5,0.7,1.4,0.658, 0.342, 11172
-1.5,0.7,0.7,0.512, 0.488, 19379
-1.5,0.7,0.35,0.384, 0.616, 31012
-1.5,0.9,1.8,0.666, 0.334, 7343
-1.5,0.9,0.9,0.516, 0.484, 13109
-1.5,0.9,0.45,0.38, 0.62, 21747
-1.5,1.1,2.2,0.671, 0.329, 5278
-1.5,1.1,1.1,0.518, 0.482, 9395
-1.5,1.1,0.55,0.376, 0.624, 15973
-1.5,1.3,2.6,0.675, 0.325, 3908
-1.5,1.3,1.3,0.52, 0.48, 7031
-1.5,1.3,0.65,0.375, 0.625, 12407
-1.5,1.5,3.0,0.676, 0.324, 2971
-1.5,1.5,1.5,0.524, 0.476, 5509
-1.5,1.5,0.75,0.377, 0.623, 9785
-1.5,1.7,3.4,0.684, 0.316, 2416
-1.5,1.7,1.7,0.525, 0.475, 4465
-1.5,1.7,0.85,0.375, 0.625, 7992
-1.5,1.9,3.8,0.687, 0.313, 1956
-1.5,1.9,1.9,0.524, 0.476, 3686
-1.5,1.9,0.95,0.375, 0.625, 6577
-1.5,2.1,4.2,0.692, 0.308, 1602
-1.5,2.1,2.1,0.533, 0.467, 3024
-1.5,2.1,1.05,0.375, 0.625, 5525
-1.5,2.3,4.6,0.692, 0.308, 1399
-1.5,2.3,2.3,0.534, 0.466, 2585
-1.5,2.3,1.15,0.376, 0.624, 4714
-1.5,2.5,5.0,0.699, 0.301, 1204
-1.5,2.5,2.5,0.534, 0.466, 2259
-1.5,2.5,1.25,0.377, 0.623, 4034
-1.5,2.7,5.4,0.696, 0.304, 1082
-1.5,2.7,2.7,0.535, 0.465, 1985
-1.5,2.7,1.35,0.378, 0.622, 3542
-1.5,2.9,5.8,0.702, 0.298, 908
-1.5,2.9,2.9,0.539, 0.461, 1730
-1.5,2.9,1.45,0.379, 0.621, 3105
-1.5,3.1,6.2,0.705, 0.295, 804
-1.5,3.1,3.1,0.539, 0.461, 1480
-1.5,3.1,1.55,0.377, 0.623, 2766
-1.5,3.3,6.6,0.703, 0.297, 717
-1.5,3.3,3.3,0.542, 0.458, 1344
-1.5,3.3,1.65,0.377, 0.623, 2475
-1.5,3.5,7.0,0.706, 0.294, 623
-1.5,3.5,3.5,0.543, 0.457, 1212
-1.5,3.5,1.75,0.377, 0.623, 2303
-1.5,3.7,7.4,0.707, 0.293, 576
-1.5,3.7,3.7,0.545, 0.455, 1097
-1.5,3.7,1.85,0.38, 0.62, 2062
-1.5,3.9,7.8,0.71, 0.29, 531
-1.5,3.9,3.9,0.543, 0.457, 1005
-1.5,3.9,1.95,0.383, 0.617, 1869
-1.5,4.1,8.2,0.715, 0.285, 463
-1.5,4.1,4.1,0.548, 0.452, 903
-1.5,4.1,2.05,0.382, 0.618, 1644
-1.5,4.3,8.6,0.72, 0.28, 422
-1.5,4.3,4.3,0.548, 0.452, 828
-1.5,4.3,2.15,0.384, 0.616, 1528
-1.5,4.5,9.0,0.722, 0.278, 389
-1.5,4.5,4.5,0.553, 0.447, 776
-1.5,4.5,2.25,0.384, 0.616, 1428
-1.5,4.7,9.4,0.724, 0.276, 373
-1.5,4.7,4.7,0.556, 0.444, 676
-1.5,4.7,2.35,0.387, 0.613, 1293
-1.5,4.9,9.8,0.725, 0.275, 342
-1.5,4.9,4.9,0.554, 0.446, 673
-1.5,4.9,2.45,0.384, 0.616, 1209
-1.0,0.5,1.0,0.65, 0.35, 18922
-1.0,0.5,0.5,0.513, 0.487, 31375
-1.0,0.5,0.25,0.392, 0.608, 47308
-1.0,0.7,1.4,0.658, 0.342, 11172
-1.0,0.7,0.7,0.512, 0.488, 19379
-1.0,0.7,0.35,0.384, 0.616, 31012
-1.0,0.9,1.8,0.666, 0.334, 7343
-1.0,0.9,0.9,0.516, 0.484, 13109
-1.0,0.9,0.45,0.38, 0.62, 21747
-1.0,1.1,2.2,0.671, 0.329, 5278
-1.0,1.1,1.1,0.518, 0.482, 9395
-1.0,1.1,0.55,0.376, 0.624, 15973
-1.0,1.3,2.6,0.675, 0.325, 3908
-1.0,1.3,1.3,0.52, 0.48, 7031
-1.0,1.3,0.65,0.375, 0.625, 12407
-1.0,1.5,3.0,0.676, 0.324, 2971
-1.0,1.5,1.5,0.524, 0.476, 5509
-1.0,1.5,0.75,0.377, 0.623, 9785
-1.0,1.7,3.4,0.684, 0.316, 2416
-1.0,1.7,1.7,0.525, 0.475, 4465
-1.0,1.7,0.85,0.375, 0.625, 7992
-1.0,1.9,3.8,0.687, 0.313, 1956
-1.0,1.9,1.9,0.524, 0.476, 3686
-1.0,1.9,0.95,0.375, 0.625, 6577
-1.0,2.1,4.2,0.692, 0.308, 1602
-1.0,2.1,2.1,0.533, 0.467, 3024
-1.0,2.1,1.05,0.375, 0.625, 5525
-1.0,2.3,4.6,0.692, 0.308, 1399
-1.0,2.3,2.3,0.534, 0.466, 2585
-1.0,2.3,1.15,0.376, 0.624, 4714
-1.0,2.5,5.0,0.699, 0.301, 1204
-1.0,2.5,2.5,0.534, 0.466, 2259
-1.0,2.5,1.25,0.377, 0.623, 4034
-1.0,2.7,5.4,0.696, 0.304, 1082
-1.0,2.7,2.7,0.535, 0.465, 1985
-1.0,2.7,1.35,0.378, 0.622, 3542
-1.0,2.9,5.8,0.702, 0.298, 908
-1.0,2.9,2.9,0.539, 0.461, 1730
-1.0,2.9,1.45,0.379, 0.621, 3105
-1.0,3.1,6.2,0.705, 0.295, 804
-1.0,3.1,3.1,0.539, 0.461, 1480
-1.0,3.1,1.55,0.377, 0.623, 2766
-1.0,3.3,6.6,0.703, 0.297, 717
-1.0,3.3,3.3,0.542, 0.458, 1344
-1.0,3.3,1.65,0.377, 0.623, 2475
-1.0,3.5,7.0,0.706, 0.294, 623
-1.0,3.5,3.5,0.543, 0.457, 1212
-1.0,3.5,1.75,0.377, 0.623, 2303
-1.0,3.7,7.4,0.707, 0.293, 576
-1.0,3.7,3.7,0.545, 0.455, 1097
-1.0,3.7,1.85,0.38, 0.62, 2062
-1.0,3.9,7.8,0.71, 0.29, 531
-1.0,3.9,3.9,0.543, 0.457, 1005
-1.0,3.9,1.95,0.383, 0.617, 1869
-1.0,4.1,8.2,0.715, 0.285, 463
-1.0,4.1,4.1,0.548, 0.452, 903
-1.0,4.1,2.05,0.382, 0.618, 1644
-1.0,4.3,8.6,0.72, 0.28, 422
-1.0,4.3,4.3,0.548, 0.452, 828
-1.0,4.3,2.15,0.384, 0.616, 1528
-1.0,4.5,9.0,0.722, 0.278, 389
-1.0,4.5,4.5,0.553, 0.447, 776
-1.0,4.5,2.25,0.384, 0.616, 1428
-1.0,4.7,9.4,0.724, 0.276, 373
-1.0,4.7,4.7,0.556, 0.444, 676
-1.0,4.7,2.35,0.387, 0.613, 1293
-1.0,4.9,9.8,0.725, 0.275, 342
-1.0,4.9,4.9,0.554, 0.446, 673
-1.0,4.9,2.45,0.384, 0.616, 1209
-0.5,0.5,1.0,0.65, 0.35, 18922
-0.5,0.5,0.5,0.513, 0.487, 31375
-0.5,0.5,0.25,0.392, 0.608, 47308
-0.5,0.7,1.4,0.658, 0.342, 11172
-0.5,0.7,0.7,0.512, 0.488, 19379
-0.5,0.7,0.35,0.384, 0.616, 31012
-0.5,0.9,1.8,0.666, 0.334, 7343
-0.5,0.9,0.9,0.516, 0.484, 13109
-0.5,0.9,0.45,0.38, 0.62, 21747
-0.5,1.1,2.2,0.671, 0.329, 5278
-0.5,1.1,1.1,0.518, 0.482, 9395
-0.5,1.1,0.55,0.376, 0.624, 15973
-0.5,1.3,2.6,0.675, 0.325, 3908
-0.5,1.3,1.3,0.52, 0.48, 7031
-0.5,1.3,0.65,0.375, 0.625, 12407
-0.5,1.5,3.0,0.676, 0.324, 2971
-0.5,1.5,1.5,0.524, 0.476, 5509
-0.5,1.5,0.75,0.377, 0.623, 9785
-0.5,1.7,3.4,0.684, 0.316, 2416
-0.5,1.7,1.7,0.525, 0.475, 4465
-0.5,1.7,0.85,0.375, 0.625, 7992
-0.5,1.9,3.8,0.687, 0.313, 1956
-0.5,1.9,1.9,0.524, 0.476, 3686
-0.5,1.9,0.95,0.375, 0.625, 6577
-0.5,2.1,4.2,0.692, 0.308, 1602
-0.5,2.1,2.1,0.533, 0.467, 3024
-0.5,2.1,1.05,0.375, 0.625, 5525
-0.5,2.3,4.6,0.692, 0.308, 1399
-0.5,2.3,2.3,0.534, 0.466, 2585
-0.5,2.3,1.15,0.376, 0.624, 4714
-0.5,2.5,5.0,0.699, 0.301, 1204
-0.5,2.5,2.5,0.534, 0.466, 2259
-0.5,2.5,1.25,0.377, 0.623, 4034
-0.5,2.7,5.4,0.696, 0.304, 1082
-0.5,2.7,2.7,0.535, 0.465, 1985
-0.5,2.7,1.35,0.378, 0.622, 3542
-0.5,2.9,5.8,0.702, 0.298, 908
-0.5,2.9,2.9,0.539, 0.461, 1730
-0.5,2.9,1.45,0.379, 0.621, 3105
-0.5,3.1,6.2,0.705, 0.295, 804
-0.5,3.1,3.1,0.539, 0.461, 1480
-0.5,3.1,1.55,0.377, 0.623, 2766
-0.5,3.3,6.6,0.703, 0.297, 717
-0.5,3.3,3.3,0.542, 0.458, 1344
-0.5,3.3,1.65,0.377, 0.623, 2475
-0.5,3.5,7.0,0.706, 0.294, 623
-0.5,3.5,3.5,0.543, 0.457, 1212
-0.5,3.5,1.75,0.377, 0.623, 2303
-0.5,3.7,7.4,0.707, 0.293, 576
-0.5,3.7,3.7,0.545, 0.455, 1097
-0.5,3.7,1.85,0.38, 0.62, 2062
-0.5,3.9,7.8,0.71, 0.29, 531
-0.5,3.9,3.9,0.543, 0.457, 1005
-0.5,3.9,1.95,0.383, 0.617, 1869
-0.5,4.1,8.2,0.715, 0.285, 463
-0.5,4.1,4.1,0.548, 0.452, 903
-0.5,4.1,2.05,0.382, 0.618, 1644
-0.5,4.3,8.6,0.72, 0.28, 422
-0.5,4.3,4.3,0.548, 0.452, 828
-0.5,4.3,2.15,0.384, 0.616, 1528
-0.5,4.5,9.0,0.722, 0.278, 389
-0.5,4.5,4.5,0.553, 0.447, 776
-0.5,4.5,2.25,0.384, 0.616, 1428
-0.5,4.7,9.4,0.724, 0.276, 373
-0.5,4.7,4.7,0.556, 0.444, 676
-0.5,4.7,2.35,0.387, 0.613, 1293
-0.5,4.9,9.8,0.725, 0.275, 342
-0.5,4.9,4.9,0.554, 0.446, 673
-0.5,4.9,2.45,0.384, 0.616, 1209
0.0,0.5,1.0,0.65, 0.35, 18918
0.0,0.5,0.5,0.513, 0.487, 31374
0.0,0.5,0.25,0.392, 0.608, 47297
0.0,0.7,1.4,0.658, 0.342, 11172
0.0,0.7,0.7,0.512, 0.488, 19378
0.0,0.7,0.35,0.384, 0.616, 31013
0.0,0.9,1.8,0.666, 0.334, 7343
0.0,0.9,0.9,0.516, 0.484, 13109
0.0,0.9,0.45,0.379, 0.621, 21747
0.0,1.1,2.2,0.671, 0.329, 5278
0.0,1.1,1.1,0.518, 0.482, 9394
0.0,1.1,0.55,0.376, 0.624, 15976
0.0,1.3,2.6,0.675, 0.325, 3908
0.0,1.3,1.3,0.52, 0.48, 7031
0.0,1.3,0.65,0.375, 0.625, 12407
0.0,1.5,3.0,0.676, 0.324, 2971
0.0,1.5,1.5,0.524, 0.476, 5509
0.0,1.5,0.75,0.377, 0.623, 9785
0.0,1.7,3.4,0.684, 0.316, 2416
0.0,1.7,1.7,0.525, 0.475, 4465
0.0,1.7,0.85,0.375, 0.625, 7992
0.0,1.9,3.8,0.687, 0.313, 1956
0.0,1.9,1.9,0.524, 0.476, 3686
0.0,1.9,0.95,0.375, 0.625, 6577
0.0,2.1,4.2,0.692, 0.308, 1602
0.0,2.1,2.1,0.533, 0.467, 3024
0.0,2.1,1.05,0.375, 0.625, 5527
0.0,2.3,4.6,0.692, 0.308, 1399
0.0,2.3,2.3,0.534, 0.466, 2585
0.0,2.3,1.15,0.376, 0.624, 4716
0.0,2.5,5.0,0.699, 0.301, 1204
0.0,2.5,2.5,0.534, 0.466, 2259
0.0,2.5,1.25,0.377, 0.623, 4034
0.0,2.7,5.4,0.696, 0.304, 1082
0.0,2.7,2.7,0.535, 0.465, 1985
0.0,2.7,1.35,0.378, 0.622, 3542
0.0,2.9,5.8,0.702, 0.298, 908
0.0,2.9,2.9,0.539, 0.461, 1730
0.0,2.9,1.45,0.379, 0.621, 3105
0.0,3.1,6.2,0.705, 0.295, 804
0.0,3.1,3.1,0.539, 0.461, 1480
0.0,3.1,1.55,0.377, 0.623, 2766
0.0,3.3,6.6,0.703, 0.297, 717
0.0,3.3,3.3,0.542, 0.458, 1344
0.0,3.3,1.65,0.377, 0.623, 2475
0.0,3.5,7.0,0.706, 0.294, 623
0.0,3.5,3.5,0.543, 0.457, 1212
0.0,3.5,1.75,0.377, 0.623, 2303
0.0,3.7,7.4,0.707, 0.293, 576
0.0,3.7,3.7,0.545, 0.455, 1097
0.0,3.7,1.85,0.38, 0.62, 2062
0.0,3.9,7.8,0.71, 0.29, 531
0.0,3.9,3.9,0.543, 0.457, 1005
0.0,3.9,1.95,0.383, 0.617, 1869
0.0,4.1,8.2,0.715, 0.285, 459
0.0,4.1,4.1,0.548, 0.452, 901
0.0,4.1,2.05,0.382, 0.618, 1643
0.0,4.3,8.6,0.719, 0.281, 423
0.0,4.3,4.3,0.548, 0.452, 830
0.0,4.3,2.15,0.384, 0.616, 1528
0.0,4.5,9.0,0.722, 0.278, 389
0.0,4.5,4.5,0.553, 0.447, 776
0.0,4.5,2.25,0.384, 0.616, 1428
0.0,4.7,9.4,0.724, 0.276, 373
0.0,4.7,4.7,0.556, 0.444, 676
0.0,4.7,2.35,0.387, 0.613, 1293
0.0,4.9,9.8,0.725, 0.275, 342
0.0,4.9,4.9,0.554, 0.446, 673
0.0,4.9,2.45,0.384, 0.616, 1209
0.5,0.5,1.0,0.651, 0.349, 17781
0.5,0.5,0.5,0.514, 0.486, 26965
0.5,0.5,0.25,0.391, 0.609, 30150
0.5,0.7,1.4,0.657, 0.343, 10992
0.5,0.7,0.7,0.513, 0.487, 18695
0.5,0.7,0.35,0.385, 0.615, 24827
0.5,0.9,1.8,0.665, 0.335, 7316
0.5,0.9,0.9,0.517, 0.483, 12978
0.5,0.9,0.45,0.379, 0.621, 19551
0.5,1.1,2.2,0.671, 0.329, 5266
0.5,1.1,1.1,0.519, 0.481, 9342
0.5,1.1,0.55,0.376, 0.624, 15112
0.5,1.3,2.6,0.674, 0.326, 3902
0.5,1.3,1.3,0.52, 0.48, 7041
0.5,1.3,0.65,0.377, 0.623, 11998
0.5,1.5,3.0,0.675, 0.325, 2969
0.5,1.5,1.5,0.523, 0.477, 5511
0.5,1.5,0.75,0.375, 0.625, 9622
0.5,1.7,3.4,0.684, 0.316, 2412
0.5,1.7,1.7,0.525, 0.475, 4463
0.5,1.7,0.85,0.374, 0.626, 7942
0.5,1.9,3.8,0.687, 0.313, 1956
0.5,1.9,1.9,0.524, 0.476, 3679
0.5,1.9,0.95,0.375, 0.625, 6539
0.5,2.1,4.2,0.692, 0.308, 1600
0.5,2.1,2.1,0.533, 0.467, 3024
0.5,2.1,1.05,0.375, 0.625, 5512
0.5,2.3,4.6,0.692, 0.308, 1400
0.5,2.3,2.3,0.534, 0.466, 2589
0.5,2.3,1.15,0.375, 0.625, 4709
0.5,2.5,5.0,0.699, 0.301, 1204
0.5,2.5,2.5,0.534, 0.466, 2259
0.5,2.5,1.25,0.376, 0.624, 4037
0.5,2.7,5.4,0.696, 0.304, 1083
0.5,2.7,2.7,0.535, 0.465, 1986
0.5,2.7,1.35,0.378, 0.622, 3541
0.5,2.9,5.8,0.702, 0.298, 908
0.5,2.9,2.9,0.539, 0.461, 1734
0.5,2.9,1.45,0.379, 0.621, 3107
0.5,3.1,6.2,0.706, 0.294, 805
0.5,3.1,3.1,0.54, 0.46, 1479
0.5,3.1,1.55,0.377, 0.623, 2768
0.5,3.3,6.6,0.703, 0.297, 717
0.5,3.3,3.3,0.542, 0.458, 1344
0.5,3.3,1.65,0.377, 0.623, 2471
0.5,3.5,7.0,0.706, 0.294, 623
0.5,3.5,3.5,0.543, 0.457, 1212
0.5,3.5,1.75,0.377, 0.623, 2299
0.5,3.7,7.4,0.707, 0.293, 576
0.5,3.7,3.7,0.545, 0.455, 1097
0.5,3.7,1.85,0.38, 0.62, 2061
0.5,3.9,7.8,0.71, 0.29, 531
0.5,3.9,3.9,0.543, 0.457, 1005
0.5,3.9,1.95,0.383, 0.617, 1866
0.5,4.1,8.2,0.715, 0.285, 459
0.5,4.1,4.1,0.548, 0.452, 901
0.5,4.1,2.05,0.382, 0.618, 1643
0.5,4.3,8.6,0.72, 0.28, 421
0.5,4.3,4.3,0.548, 0.452, 828
0.5,4.3,2.15,0.383, 0.617, 1526
0.5,4.5,9.0,0.724, 0.276, 388
0.5,4.5,4.5,0.553, 0.447, 774
0.5,4.5,2.25,0.384, 0.616, 1425
0.5,4.7,9.4,0.724, 0.276, 373
0.5,4.7,4.7,0.556, 0.444, 676
0.5,4.7,2.35,0.386, 0.614, 1294
0.5,4.9,9.8,0.725, 0.275, 342
0.5,4.9,4.9,0.554, 0.446, 673
0.5,4.9,2.45,0.384, 0.616, 1215
1.0,0.5,1.0,0.663, 0.337, 10613
1.0,0.5,0.5,0.518, 0.482, 11424
1.0,0.5,0.25,0.401, 0.599, 11583
1.0,0.7,1.4,0.668, 0.332, 8694
1.0,0.7,0.7,0.522, 0.478, 11035
1.0,0.7,0.35,0.383, 0.617, 11432
1.0,0.9,1.8,0.67, 0.33, 6691
1.0,0.9,0.9,0.519, 0.481, 10330
1.0,0.9,0.45,0.37, 0.63, 11026
1.0,1.1,2.2,0.671, 0.329, 5112
1.0,1.1,1.1,0.518, 0.482, 8732
1.0,1.1,0.55,0.366, 0.634, 10345
1.0,1.3,2.6,0.673, 0.327, 3885
1.0,1.3,1.3,0.522, 0.478, 6913
1.0,1.3,0.65,0.366, 0.634, 9186
1.0,1.5,3.0,0.675, 0.325, 2974
1.0,1.5,1.5,0.523, 0.477, 5479
1.0,1.5,0.75,0.373, 0.627, 8172
1.0,1.7,3.4,0.684, 0.316, 2409
1.0,1.7,1.7,0.526, 0.474, 4438
1.0,1.7,0.85,0.371, 0.629, 7049
1.0,1.9,3.8,0.686, 0.314, 1961
1.0,1.9,1.9,0.524, 0.476, 3677
1.0,1.9,0.95,0.373, 0.627, 6064
1.0,2.1,4.2,0.691, 0.309, 1602
1.0,2.1,2.1,0.533, 0.467, 3023
1.0,2.1,1.05,0.376, 0.624, 5259
1.0,2.3,4.6,0.692, 0.308, 1409
1.0,2.3,2.3,0.534, 0.466, 2584
1.0,2.3,1.15,0.376, 0.624, 4593
1.0,2.5,5.0,0.698, 0.302, 1203
1.0,2.5,2.5,0.534, 0.466, 2254
1.0,2.5,1.25,0.378, 0.622, 3966
1.0,2.7,5.4,0.696, 0.304, 1082
1.0,2.7,2.7,0.535, 0.465, 1987
1.0,2.7,1.35,0.38, 0.62, 3498
1.0,2.9,5.8,0.702, 0.298, 908
1.0,2.9,2.9,0.539, 0.461, 1732
1.0,2.9,1.45,0.38, 0.62, 3100
1.0,3.1,6.2,0.705, 0.295, 804
1.0,3.1,3.1,0.539, 0.461, 1480
1.0,3.1,1.55,0.377, 0.623, 2760
1.0,3.3,6.6,0.703, 0.297, 717
1.0,3.3,3.3,0.542, 0.458, 1347
1.0,3.3,1.65,0.377, 0.623, 2471
1.0,3.5,7.0,0.706, 0.294, 623
1.0,3.5,3.5,0.542, 0.458, 1213
1.0,3.5,1.75,0.377, 0.623, 2296
1.0,3.7,7.4,0.707, 0.293, 576
1.0,3.7,3.7,0.545, 0.455, 1098
1.0,3.7,1.85,0.38, 0.62, 2060
1.0,3.9,7.8,0.71, 0.29, 531
1.0,3.9,3.9,0.543, 0.457, 1007
1.0,3.9,1.95,0.382, 0.618, 1865
1.0,4.1,8.2,0.714, 0.286, 462
1.0,4.1,4.1,0.547, 0.453, 903
1.0,4.1,2.05,0.381, 0.619, 1646
1.0,4.3,8.6,0.719, 0.281, 424
1.0,4.3,4.3,0.548, 0.452, 829
1.0,4.3,2.15,0.382, 0.618, 1528
1.0,4.5,9.0,0.723, 0.277, 390
1.0,4.5,4.5,0.552, 0.448, 775
1.0,4.5,2.25,0.383, 0.617, 1424
1.0,4.7,9.4,0.724, 0.276, 373
1.0,4.7,4.7,0.556, 0.444, 676
1.0,4.7,2.35,0.386, 0.614, 1289
1.0,4.9,9.8,0.726, 0.274, 339
1.0,4.9,4.9,0.554, 0.446, 673
1.0,4.9,2.45,0.383, 0.617, 1215
1.5,0.5,1.0,0.657, 0.343, 5676
1.5,0.5,0.5,0.523, 0.477, 5742
1.5,0.5,0.25,0.415, 0.585, 5741
1.5,0.7,1.4,0.672, 0.328, 5465
1.5,0.7,0.7,0.523, 0.477, 5706
1.5,0.7,0.35,0.396, 0.604, 5736
1.5,0.9,1.8,0.668, 0.332, 4955
1.5,0.9,0.9,0.52, 0.48, 5670
1.5,0.9,0.45,0.385, 0.615, 5679
1.5,1.1,2.2,0.677, 0.323, 4239
1.5,1.1,1.1,0.523, 0.477, 5613
1.5,1.1,0.55,0.375, 0.625, 5681
1.5,1.3,2.6,0.676, 0.324, 3544
1.5,1.3,1.3,0.527, 0.473, 5339
1.5,1.3,0.65,0.372, 0.628, 5605
1.5,1.5,3.0,0.674, 0.326, 2914
1.5,1.5,1.5,0.52, 0.48, 4891
1.5,1.5,0.75,0.363, 0.637, 5418
1.5,1.7,3.4,0.681, 0.319, 2398
1.5,1.7,1.7,0.522, 0.478, 4296
1.5,1.7,0.85,0.363, 0.637, 5122
1.5,1.9,3.8,0.688, 0.312, 1944
1.5,1.9,1.9,0.524, 0.476, 3592
1.5,1.9,0.95,0.373, 0.627, 4737
1.5,2.1,4.2,0.69, 0.31, 1598
1.5,2.1,2.1,0.532, 0.468, 3014
1.5,2.1,1.05,0.374, 0.626, 4317
1.5,2.3,4.6,0.692, 0.308, 1404
1.5,2.3,2.3,0.535, 0.465, 2587
1.5,2.3,1.15,0.373, 0.627, 3895
1.5,2.5,5.0,0.698, 0.302, 1211
1.5,2.5,2.5,0.533, 0.467, 2248
1.5,2.5,1.25,0.38, 0.62, 3604
1.5,2.7,5.4,0.696, 0.304, 1083
1.5,2.7,2.7,0.536, 0.464, 1983
1.5,2.7,1.35,0.376, 0.624, 3236
1.5,2.9,5.8,0.702, 0.298, 909
1.5,2.9,2.9,0.538, 0.462, 1735
1.5,2.9,1.45,0.381, 0.619, 2946
1.5,3.1,6.2,0.705, 0.295, 804
1.5,3.1,3.1,0.54, 0.46, 1466
1.5,3.1,1.55,0.376, 0.624, 2711
1.5,3.3,6.6,0.703, 0.297, 717
1.5,3.3,3.3,0.543, 0.457, 1343
1.5,3.3,1.65,0.379, 0.621, 2414
1.5,3.5,7.0,0.706, 0.294, 623
1.5,3.5,3.5,0.542, 0.458, 1213
1.5,3.5,1.75,0.374, 0.626, 2258
1.5,3.7,7.4,0.706, 0.294, 575
1.5,3.7,3.7,0.545, 0.455, 1103
1.5,3.7,1.85,0.38, 0.62, 2028
1.5,3.9,7.8,0.71, 0.29, 531
1.5,3.9,3.9,0.543, 0.457, 1003
1.5,3.9,1.95,0.381, 0.619, 1845
1.5,4.1,8.2,0.714, 0.286, 462
1.5,4.1,4.1,0.547, 0.453, 901
1.5,4.1,2.05,0.379, 0.621, 1635
1.5,4.3,8.6,0.719, 0.281, 424
1.5,4.3,4.3,0.548, 0.452, 829
1.5,4.3,2.15,0.383, 0.617, 1523
1.5,4.5,9.0,0.724, 0.276, 387
1.5,4.5,4.5,0.552, 0.448, 770
1.5,4.5,2.25,0.384, 0.616, 1420
1.5,4.7,9.4,0.724, 0.276, 370
1.5,4.7,4.7,0.558, 0.442, 678
1.5,4.7,2.35,0.386, 0.614, 1297
1.5,4.9,9.8,0.726, 0.274, 339
1.5,4.9,4.9,0.555, 0.445, 669
1.5,4.9,2.45,0.384, 0.616, 1211
2.0,0.5,1.0,0.656, 0.344, 3403
2.0,0.5,0.5,0.515, 0.485, 3418
2.0,0.5,0.25,0.411, 0.589, 3421
2.0,0.7,1.4,0.675, 0.325, 3414
2.0,0.7,0.7,0.52, 0.48, 3421
2.0,0.7,0.35,0.389, 0.611, 3424
2.0,0.9,1.8,0.681, 0.319, 3243
2.0,0.9,0.9,0.51, 0.49, 3403
2.0,0.9,0.45,0.375, 0.625, 3413
2.0,1.1,2.2,0.684, 0.316, 3097
2.0,1.1,1.1,0.518, 0.482, 3396
2.0,1.1,0.55,0.371, 0.629, 3399
2.0,1.3,2.6,0.681, 0.319, 2777
2.0,1.3,1.3,0.522, 0.478, 3391
2.0,1.3,0.65,0.374, 0.626, 3394
2.0,1.5,3.0,0.678, 0.322, 2438
2.0,1.5,1.5,0.517, 0.483, 3346
2.0,1.5,0.75,0.371, 0.629, 3403
2.0,1.7,3.4,0.689, 0.311, 2153
2.0,1.7,1.7,0.528, 0.472, 3284
2.0,1.7,0.85,0.372, 0.628, 3367
2.0,1.9,3.8,0.693, 0.307, 1841
2.0,1.9,1.9,0.526, 0.474, 3093
2.0,1.9,0.95,0.368, 0.632, 3307
2.0,2.1,4.2,0.689, 0.311, 1568
2.0,2.1,2.1,0.528, 0.472, 2924
2.0,2.1,1.05,0.358, 0.642, 3227
2.0,2.3,4.6,0.693, 0.307, 1369
2.0,2.3,2.3,0.534, 0.466, 2544
2.0,2.3,1.15,0.364, 0.636, 3090
2.0,2.5,5.0,0.697, 0.303, 1205
2.0,2.5,2.5,0.534, 0.466, 2228
2.0,2.5,1.25,0.367, 0.633, 2846
2.0,2.7,5.4,0.697, 0.303, 1085
2.0,2.7,2.7,0.536, 0.464, 1974
2.0,2.7,1.35,0.367, 0.633, 2667
2.0,2.9,5.8,0.7, 0.3, 908
2.0,2.9,2.9,0.539, 0.461, 1730
2.0,2.9,1.45,0.371, 0.629, 2477
2.0,3.1,6.2,0.705, 0.295, 804
2.0,3.1,3.1,0.539, 0.461, 1474
2.0,3.1,1.55,0.373, 0.627, 2357
2.0,3.3,6.6,0.703, 0.297, 717
2.0,3.3,3.3,0.542, 0.458, 1350
2.0,3.3,1.65,0.377, 0.623, 2170
2.0,3.5,7.0,0.706, 0.294, 622
2.0,3.5,3.5,0.543, 0.457, 1214
2.0,3.5,1.75,0.372, 0.628, 2064
2.0,3.7,7.4,0.706, 0.294, 575
2.0,3.7,3.7,0.545, 0.455, 1102
2.0,3.7,1.85,0.375, 0.625, 1911
2.0,3.9,7.8,0.71, 0.29, 531
2.0,3.9,3.9,0.543, 0.457, 1005
2.0,3.9,1.95,0.382, 0.618, 1739
2.0,4.1,8.2,0.714, 0.286, 462
2.0,4.1,4.1,0.547, 0.453, 901
2.0,4.1,2.05,0.379, 0.621, 1617
2.0,4.3,8.6,0.719, 0.281, 424
2.0,4.3,4.3,0.548, 0.452, 829
2.0,4.3,2.15,0.381, 0.619, 1495
2.0,4.5,9.0,0.724, 0.276, 387
2.0,4.5,4.5,0.553, 0.447, 769
2.0,4.5,2.25,0.386, 0.614, 1377
2.0,4.7,9.4,0.724, 0.276, 370
2.0,4.7,4.7,0.558, 0.442, 681
2.0,4.7,2.35,0.388, 0.612, 1280
2.0,4.9,9.8,0.726, 0.274, 339
2.0,4.9,4.9,0.555, 0.445, 669
2.0,4.9,2.45,0.384, 0.616, 1192
2.5,0.5,1.0,0.656, 0.344, 2301
2.5,0.5,0.5,0.524, 0.476, 2301
2.5,0.5,0.25,0.418, 0.582, 2303
2.5,0.7,1.4,0.674, 0.326, 2299
2.5,0.7,0.7,0.524, 0.476, 2303
2.5,0.7,0.35,0.4, 0.6, 2303
2.5,0.9,1.8,0.673, 0.327, 2306
2.5,0.9,0.9,0.523, 0.477, 2304
2.5,0.9,0.45,0.386, 0.614, 2307
2.5,1.1,2.2,0.681, 0.319, 2256
2.5,1.1,1.1,0.528, 0.472, 2299
2.5,1.1,0.55,0.378, 0.622, 2307
2.5,1.3,2.6,0.696, 0.304, 2119
2.5,1.3,1.3,0.524, 0.476, 2290
2.5,1.3,0.65,0.377, 0.623, 2293
2.5,1.5,3.0,0.69, 0.31, 1971
2.5,1.5,1.5,0.52, 0.48, 2279
2.5,1.5,0.75,0.373, 0.627, 2285
2.5,1.7,3.4,0.69, 0.31, 1792
2.5,1.7,1.7,0.522, 0.478, 2270
2.5,1.7,0.85,0.371, 0.629, 2291
2.5,1.9,3.8,0.699, 0.301, 1600
2.5,1.9,1.9,0.525, 0.475, 2233
2.5,1.9,0.95,0.367, 0.633, 2273
2.5,2.1,4.2,0.702, 0.298, 1431
2.5,2.1,2.1,0.518, 0.482, 2186
2.5,2.1,1.05,0.355, 0.645, 2267
2.5,2.3,4.6,0.698, 0.302, 1280
2.5,2.3,2.3,0.524, 0.476, 2119
2.5,2.3,1.15,0.357, 0.643, 2236
2.5,2.5,5.0,0.697, 0.303, 1180
2.5,2.5,2.5,0.533, 0.467, 2074
2.5,2.5,1.25,0.364, 0.636, 2195
2.5,2.7,5.4,0.694, 0.306, 1079
2.5,2.7,2.7,0.533, 0.467, 1907
2.5,2.7,1.35,0.368, 0.632, 2103
2.5,2.9,5.8,0.701, 0.299, 895
2.5,2.9,2.9,0.54, 0.46, 1714
2.5,2.9,1.45,0.374, 0.626, 2039
2.5,3.1,6.2,0.703, 0.297, 805
2.5,3.1,3.1,0.539, 0.461, 1467
2.5,3.1,1.55,0.379, 0.621, 1936
2.5,3.3,6.6,0.702, 0.298, 715
2.5,3.3,3.3,0.543, 0.457, 1351
2.5,3.3,1.65,0.382, 0.618, 1823
2.5,3.5,7.0,0.706, 0.294, 620
2.5,3.5,3.5,0.543, 0.457, 1214
2.5,3.5,1.75,0.378, 0.622, 1719
2.5,3.7,7.4,0.706, 0.294, 575
2.5,3.7,3.7,0.546, 0.454, 1099
2.5,3.7,1.85,0.382, 0.618, 1625
2.5,3.9,7.8,0.71, 0.29, 531
2.5,3.9,3.9,0.542, 0.458, 1005
2.5,3.9,1.95,0.386, 0.614, 1547
2.5,4.1,8.2,0.714, 0.286, 462
2.5,4.1,4.1,0.547, 0.453, 898
2.5,4.1,2.05,0.383, 0.617, 1479
2.5,4.3,8.6,0.719, 0.281, 424
2.5,4.3,4.3,0.547, 0.453, 826
2.5,4.3,2.15,0.377, 0.623, 1377
2.5,4.5,9.0,0.724, 0.276, 387
2.5,4.5,4.5,0.553, 0.447, 772
2.5,4.5,2.25,0.379, 0.621, 1301
2.5,4.7,9.4,0.724, 0.276, 370
2.5,4.7,4.7,0.558, 0.442, 681
2.5,4.7,2.35,0.379, 0.621, 1226
2.5,4.9,9.8,0.726, 0.274, 339
2.5,4.9,4.9,0.555, 0.445, 669
2.5,4.9,2.45,0.384, 0.616, 1160
3.0,0.5,1.0,0.648, 0.352, 1598
3.0,0.5,0.5,0.513, 0.487, 1598
3.0,0.5,0.25,0.412, 0.588, 1598
3.0,0.7,1.4,0.668, 0.332, 1598
3.0,0.7,0.7,0.525, 0.475, 1598
3.0,0.7,0.35,0.399, 0.601, 1598
3.0,0.9,1.8,0.672, 0.328, 1599
3.0,0.9,0.9,0.517, 0.483, 1603
3.0,0.9,0.45,0.377, 0.623, 1603
3.0,1.1,2.2,0.687, 0.313, 1592
3.0,1.1,1.1,0.522, 0.478, 1601
3.0,1.1,0.55,0.368, 0.632, 1603
3.0,1.3,2.6,0.682, 0.318, 1593
3.0,1.3,1.3,0.512, 0.488, 1607
3.0,1.3,0.65,0.36, 0.64, 1609
3.0,1.5,3.0,0.698, 0.302, 1544
3.0,1.5,1.5,0.515, 0.485, 1615
3.0,1.5,0.75,0.36, 0.64, 1615
3.0,1.7,3.4,0.699, 0.301, 1476
3.0,1.7,1.7,0.528, 0.472, 1637
3.0,1.7,0.85,0.363, 0.637, 1613
3.0,1.9,3.8,0.703, 0.297, 1333
3.0,1.9,1.9,0.525, 0.475, 1637
3.0,1.9,0.95,0.354, 0.646, 1613
3.0,2.1,4.2,0.699, 0.301, 1217
3.0,2.1,2.1,0.53, 0.47, 1619
3.0,2.1,1.05,0.355, 0.645, 1602
3.0,2.3,4.6,0.696, 0.304, 1147
3.0,2.3,2.3,0.531, 0.469, 1614
3.0,2.3,1.15,0.354, 0.646, 1598
3.0,2.5,5.0,0.692, 0.308, 1076
3.0,2.5,2.5,0.534, 0.466, 1597
3.0,2.5,1.25,0.353, 0.647, 1618
3.0,2.7,5.4,0.696, 0.304, 984
3.0,2.7,2.7,0.541, 0.459, 1561
3.0,2.7,1.35,0.361, 0.639, 1621
3.0,2.9,5.8,0.703, 0.297, 874
3.0,2.9,2.9,0.543, 0.457, 1487
3.0,2.9,1.45,0.361, 0.639, 1589
3.0,3.1,6.2,0.7, 0.3, 783
3.0,3.1,3.1,0.54, 0.46, 1401
3.0,3.1,1.55,0.365, 0.635, 1577
3.0,3.3,6.6,0.701, 0.299, 713
3.0,3.3,3.3,0.541, 0.459, 1306
3.0,3.3,1.65,0.366, 0.634, 1518
3.0,3.5,7.0,0.705, 0.295, 623
3.0,3.5,3.5,0.54, 0.46, 1212
3.0,3.5,1.75,0.362, 0.638, 1452
3.0,3.7,7.4,0.708, 0.292, 562
3.0,3.7,3.7,0.546, 0.454, 1093
3.0,3.7,1.85,0.366, 0.634, 1395
3.0,3.9,7.8,0.711, 0.289, 526
3.0,3.9,3.9,0.543, 0.457, 1004
3.0,3.9,1.95,0.394, 0.606, 1351
3.0,4.1,8.2,0.714, 0.286, 462
3.0,4.1,4.1,0.547, 0.453, 888
3.0,4.1,2.05,0.394, 0.606, 1260
3.0,4.3,8.6,0.719, 0.281, 420
3.0,4.3,4.3,0.547, 0.453, 824
3.0,4.3,2.15,0.391, 0.609, 1200
3.0,4.5,9.0,0.724, 0.276, 387
3.0,4.5,4.5,0.553, 0.447, 769
3.0,4.5,2.25,0.386, 0.614, 1191
3.0,4.7,9.4,0.724, 0.276, 370
3.0,4.7,4.7,0.558, 0.442, 681
3.0,4.7,2.35,0.373, 0.627, 1113
3.0,4.9,9.8,0.726, 0.274, 339
3.0,4.9,4.9,0.555, 0.445, 669
3.0,4.9,2.45,0.378, 0.622, 1052
